3513795976 4258851234 36116062
3393453635 4148223693 110627541
3504081176 3494735450 6350258
2671742993 3596285367 235915393
991290653 256764866 25867175
2907658386 3330719253 68855819
3336496635 4091266693 56957000
3161141476 2536943456 80523019
1961696534 304660310 29551079
812996514 1560772632 178294139
1562163347 2321959023 78904062
31289107 1039870587 339682886
1520029818 1928417376 42133529
3510431434 3832200760 3364542
3549912038 3272523584 58195669
0 149071717 31289107
3608107707 3501085708 5732766
503523937 1739066771 189350605
3071674583 3506818474 89466893
3241664495 3996434553 94832140
1708133363 454333361 253563171
3813493721 3097084118 175439466
1991247613 1970550905 351408118
3613840473 2897430870 199653248
2536943456 2762631333 134799537
1641067409 244319429 12445437
3994753216 3913095788 83338765
2976514205 3399575072 95160378
1354883134 0 143118415
1349131883 2400863085 5751251
1498001549 282632041 22028269
2342655731 180360824 63958605
370971993 1379553473 126598642
4149802438 2617466475 145164858
1017157828 707896532 331974055
692874542 334211389 120121972
497570635 143118415 5953302
3988933187 3907275759 5820029
4078091981 3835565302 71710457
1653512846 1506152115 54620517