2774754469 1598606098 15160294
3832622498 1469118874 129487224
4125818569 3997047227 169148727
1108418694 1130695768 196125912
637654660 517892123 26551592
2519230072 3399515763 135968347
2751000257 3126996880 23754212
861800165 884077239 88532605
1469118874 2566660966 63929427
2789914763 3150751092 63425583
2853340346 2561960449 4700517
1692681911 3397592997 1922766
2858040863 1773257241 287341147
2655198419 2851614649 15098309
950332770 972609844 158085924
591049922 471287385 46604738
3482333989 3849276196 108901632
1694604677 1613766392 159490849
3591235621 3958177828 38869399
3630105020 4166195954 128771342
3205039781 3535484110 277294208
2706794606 2060598388 44205651
386607659 544443715 110595292
3962109722 2540862463 21097986
697311924 0 92263281
558450415 404456802 11447837
2409200012 3214176675 110030060
569898252 862925569 21151670
1354525884 415904639 55382746
789575205 790700609 72224960
3832262624 2690248164 359874
163757080 181606223 222850579
1533048301 2967363270 159633610
497202951 784452458 6248151
2670296728 3812778318 36497878
3145382010 2630590393 59657771
1854095526 2104804039 436058424
0 655039007 74414138
2390804262 2690608038 18395750
1304544606 1326821680 49981278
3758876362 3324206735 73386262
664206252 1376802958 33105672
74414138 92263281 89342942
3983207708 2709003788 142610861
503451102 729453145 54999313
2290153950 2866712958 100650312