3352941879 1247490906 129850502
1738919961 2189748071 56658550
1795578511 292133467 518088747
1519757661 1666834550 130335907
1650093568 133993362 88826393
2813914030 2262539545 40894545
2698412916 2661705133 115501114
2854808575 810222214 437268692
410530961 1545057218 121777332
0 242661076 10731898
532308293 2303434090 61476099
3292077267 1797170457 2282798
2313667258 0 133993362
2447660620 2410952837 250752296
3294360065 253392974 38740493
10731898 1377341408 167715810
1457582089 2364910189 46042648
593784392 3009289500 824592362
3333100558 222819755 19841321
1418376754 1799453255 39205335
1503624737 2246406621 16132924
178447708 2777206247 232083253
3482792381 1838658590 351089481